version https://git-lfs.github.com/spec/v1
oid sha256:7e216d6b2bd2673c43150041dd898069b17b8e2fbec16e18b1a6b67379e4c131
size 209687263
